OTU ID	RS10	RS11	RS12	RS13	RS14	RS15	RS16	RS17	RS18	RS19	RS1	RS20	RS21	RS22	RS23	RS24	RS2	RS3	RS4	RS5	RS6	RS7	RS8	RS9
OTU1	20481	6128	32902	16752	12080	10279	23832	13707	5645	38	3071	14	46	36	17	14	16212	2768	15722	13321	14173	135	7613	18
OTU12	3519	5	4	9	0	3	1	4	16	2	5	1	0	10	104	84	3325	0	4	0	0	3	6	3
OTU2	2673	18485	2619	4224	347	886	7365	3631	5363	13	17203	14	6	2	1	1	1565	20073	1133	1183	1113	8626	8478	8974
OTU3	2292	353	2500	3343	7304	5413	1727	6022	4715	9	10	0	4	3	7	3	2217	22	9879	33	33	82	13693	0
OTU4	262	532	333	53	4115	2646	614	799	13743	22	18	13	9	12	15	17	2	22	4886	7555	8121	401	41	2272
OTU5	3	2	1	4	3	4	0	13	1	6637	4	7045	5576	4786	8294	9198	6	6	1	4	8	456	0	1
OTU15	93	5	5	1227	226	383	3	32	1	0	1812	0	0	0	0	0	29	1746	558	350	327	0	0	0
OTU53	38	0	0	0	0	0	0	0	0	0	0	0	0	0	0	0	27	0	0	0	0	0	0	0
OTU80	4	0	0	0	0	4	0	0	0	0	0	0	0	0	0	0	1	2	0	8	15	0	0	0
OTU9	2	2	0	0	0	0	0	0	0	5357	5	5329	154	378	39	38	1	1	0	0	0	9	0	0
OTU11	1	0	0	3	1	1	0	1	0	190	0	177	223	1710	2992	3299	0	2	4	3	3	12	1	13
OTU26	3	13	12	227	19	40	31	105	26	0	6	3	2	3	9	11	4	0	34	2	5	18	39	25
OTU7	5	15	2	0	0	9	2	0	0	10376	76	10187	3729	28	20	31	11	22	0	0	6	37	14	309
OTU31	9	0	0	15	67	10	0	0	0	0	0	0	0	0	0	0	14	0	45	0	0	0	0	0
OTU8	3	1	4	3	0	0	0	0	0	1369	2	1556	4416	7020	599	654	1	7	13	0	0	37	1	0
OTU115	2	0	0	0	0	1	0	1	7	0	0	0	0	0	0	0	2	0	2	0	0	0	0	0
OTU27	9	26	0	0	0	0	11	6	134	0	163	0	0	0	0	0	8	155	2	4	2	11	11	39
OTU6	5	1	1	262	161	160	1462	8800	1770	4	0	3	11	2891	5114	4617	6	0	221	129	103	1275	3893	5307
OTU78	2	0	0	0	0	0	1	0	14	0	0	0	0	0	0	0	0	0	3	0	0	4	0	0
OTU88	4	0	0	0	0	0	0	0	0	0	0	0	0	0	0	0	0	0	0	0	0	0	0	0
OTU132	0	4	0	0	0	0	0	0	0	0	0	0	2	0	0	0	0	0	1	0	0	1	0	0
OTU92	0	1	0	0	0	2	0	0	0	0	0	0	0	0	1	0	0	0	6	0	0	0	0	0
OTU124	0	2	0	0	0	0	0	0	0	0	0	0	0	0	0	0	0	0	0	0	0	0	0	0
OTU99	0	1	0	4	0	0	0	2	0	0	0	0	0	0	0	0	0	0	0	0	0	0	0	0
OTU96	0	4	0	0	0	0	0	0	0	0	0	0	0	0	0	0	0	0	0	0	0	0	0	0
OTU43	0	8	0	0	0	0	1	0	15	0	0	0	0	0	0	0	0	0	0	6	3	0	7	9
OTU75	0	2	0	0	0	5	0	0	0	0	2	0	0	0	0	0	0	4	0	0	1	1	1	7
OTU17	0	1	0	21	1	0	0	0	0	796	1	789	328	1753	820	937	1	0	0	1	0	0	0	0
OTU30	0	4	3	6	2	0	0	0	0	25	2	31	11573	2918	2928	3225	0	10	0	5	3	0	0	8
OTU68	0	5	0	0	0	0	0	0	0	0	0	0	0	0	0	0	0	0	0	0	0	0	0	0
OTU39	0	3	0	0	0	0	0	0	0	0	17	0	0	0	0	0	0	0	2	0	0	29	0	6
OTU47	0	7	0	19	0	2	0	0	2	0	0	0	0	0	0	0	0	0	2	0	0	1	0	0
OTU66	0	0	3	0	0	0	0	0	0	0	0	4	3408	3	1	1	0	4	0	0	2	177	0	0
OTU105	0	0	6	0	0	0	0	0	0	0	0	0	0	0	0	0	0	0	0	0	0	0	0	0
OTU22	0	0	1	0	0	0	0	0	0	947	0	877	243	9	41	34	0	0	0	0	0	0	0	0
OTU114	0	0	5	0	0	0	0	0	0	0	5	0	0	0	0	0	0	12	0	0	0	0	0	0
OTU18	0	0	1	0	0	2	0	3	2	202	12	264	130	1208	855	875	0	5	2	0	8	26	4	10
OTU56	0	0	0	27	0	0	0	0	0	0	0	0	0	0	0	0	0	0	0	0	0	0	0	0
OTU72	0	0	0	8	0	0	0	0	0	0	0	0	0	0	0	0	0	0	0	0	0	0	0	0
OTU84	0	0	0	6	0	0	0	0	0	0	0	0	0	0	0	0	0	0	0	0	0	0	0	0
OTU76	0	0	0	4	0	0	0	0	0	0	0	0	0	0	0	0	0	0	0	0	0	0	0	2
OTU117	0	0	0	0	13	6	0	0	0	0	0	0	0	0	0	0	0	0	27	0	0	0	0	0
OTU10	0	0	0	0	1	1	0	0	0	0	0	0	5	2977	3222	3316	0	0	0	2	1	1	1	2
OTU19	0	0	0	0	2	0	0	0	0	62	21	89	67	160	1182	1098	0	0	0	1	0	12	0	0
OTU14	0	0	0	0	1	1	0	0	0	119	0	105	255	1814	1940	2066	0	8	1	1	1	35	0	0
OTU79	0	0	0	0	6	0	0	0	0	0	0	0	0	0	0	0	0	0	2	0	0	0	0	1
OTU108	0	0	0	0	1	0	0	0	0	0	0	0	0	0	0	0	0	0	0	0	2	0	0	3
OTU52	0	0	0	0	0	5	0	0	0	0	1	2	0	15	1	0	2	11	1	0	0	3	0	17
OTU57	0	0	0	0	0	2	0	0	0	0	0	0	0	0	0	0	0	1	0	3	1	0	0	14
OTU21	0	0	0	0	0	1	0	0	0	0	0	0	0	589	489	410	0	0	1	0	0	0	0	0
OTU82	0	0	0	0	0	1	0	0	0	1	0	0	1	57	37	50	0	0	0	0	0	0	0	0
OTU130	0	0	0	0	0	1	0	0	0	0	0	0	0	0	0	0	0	0	0	5	0	0	0	0
OTU16	0	0	0	0	0	1	0	1	0	798	0	721	1315	300	1474	1342	0	30	0	0	1	56	0	0
OTU67	0	0	0	0	0	0	1	0	1	0	0	0	0	0	0	0	0	0	0	0	0	9	0	0
OTU128	0	0	0	0	0	0	2	0	0	0	0	0	0	0	0	0	0	0	0	0	0	0	0	0
OTU13	0	0	0	0	0	0	3	12	1	0	0	0	0	0	0	0	7	0	2	494	604	5412	0	550
OTU97	0	0	0	0	0	0	0	6	0	0	0	0	0	0	0	0	0	0	0	0	0	0	0	0
OTU102	0	0	0	0	0	0	0	3	0	0	0	0	0	0	0	0	0	0	0	0	0	0	0	0
OTU45	0	0	0	0	0	0	0	0	29	1	0	1	0	0	0	0	0	0	0	0	0	0	0	0
OTU112	0	0	0	0	0	0	0	0	3	0	0	0	0	0	0	0	0	0	0	0	0	0	0	0
OTU91	0	0	0	0	0	0	0	0	4	0	0	0	0	0	0	0	0	0	0	0	0	0	0	0
OTU100	0	0	0	0	0	0	0	0	3	0	0	0	0	0	0	0	0	0	0	0	0	0	0	0
OTU59	0	0	0	0	0	0	0	0	0	297	0	301	11	0	0	0	0	0	0	0	0	0	0	0
OTU64	0	0	0	0	0	0	0	0	0	670	0	844	1084	544	725	673	0	1	1	0	0	15	0	18
OTU25	0	0	0	0	0	0	0	0	0	272	0	258	35	0	0	0	0	0	0	0	0	0	0	0
OTU20	0	0	0	0	0	0	0	0	0	289	0	362	817	52	119	115	0	0	0	0	0	0	0	18
OTU93	0	0	0	0	0	0	0	0	0	128	0	110	290	0	11	15	0	0	0	0	0	0	0	0
OTU74	0	0	0	0	0	0	0	0	0	171	0	224	402	15	25	38	0	2	0	0	0	0	0	0
OTU36	0	0	0	0	0	0	0	0	0	3	0	4	78	0	0	0	0	0	0	0	0	0	0	0
OTU32	0	0	0	0	0	0	0	0	0	31	0	39	0	0	0	0	0	0	0	0	0	0	0	0
OTU28	0	0	0	0	0	0	0	0	0	59	1	75	48	128	43	40	0	0	0	0	0	0	0	0
OTU41	0	0	0	0	0	0	0	0	0	12	0	23	3	0	14	8	0	0	0	0	0	0	0	0
OTU81	0	0	0	0	0	0	0	0	0	1	0	3	0	0	2	2	0	0	5	0	0	0	0	0
OTU44	0	0	0	0	0	0	0	0	0	1	0	0	0	3	0	0	0	0	0	0	0	7	0	16
OTU120	0	0	0	0	0	0	0	0	0	3	0	1	0	0	0	0	0	0	0	0	0	0	0	0
OTU42	0	0	0	0	0	0	0	0	0	3	0	0	33	0	0	0	0	0	0	0	0	0	0	0
OTU110	0	0	0	0	0	0	0	0	0	4	0	0	0	1	0	0	0	0	0	0	0	0	0	0
OTU70	0	0	0	0	0	0	0	0	0	2	0	2	3	0	0	0	0	0	0	0	0	0	0	0
OTU122	0	0	0	0	0	0	0	0	0	3	0	0	30	15	18	17	0	0	0	0	0	0	0	0
OTU103	0	0	0	0	0	0	0	0	0	4	0	2	0	202	4	4	0	0	0	0	0	0	0	0
OTU58	0	0	0	0	0	0	0	0	0	2	0	18	23	0	0	0	0	0	0	0	0	0	0	0
OTU107	0	0	0	0	0	0	0	0	0	2	0	0	0	0	0	0	0	0	0	0	0	0	0	0
OTU60	0	0	0	0	0	0	0	0	0	0	22	0	0	0	0	0	0	0	0	0	0	0	0	0
OTU51	0	0	0	0	0	0	0	0	0	0	29	0	0	0	0	0	0	0	0	0	0	0	0	0
OTU65	0	0	0	0	0	0	0	0	0	0	23	0	3	0	0	0	0	0	0	0	0	0	0	0
OTU73	0	0	0	0	0	0	0	0	0	0	12	0	0	0	0	0	1	0	0	0	0	0	0	0
OTU34	0	0	0	0	0	0	0	0	0	0	42	0	0	0	0	0	7	38	0	2	0	0	0	0
OTU85	0	0	0	0	0	0	0	0	0	0	3	0	0	0	0	0	0	0	0	0	0	0	0	0
OTU109	0	0	0	0	0	0	0	0	0	0	7	0	0	0	0	0	0	0	0	0	0	0	3	0
OTU49	0	0	0	0	0	0	0	0	0	0	18	0	0	0	0	0	0	0	0	0	0	0	0	0
OTU86	0	0	0	0	0	0	0	0	0	0	0	9	4	0	0	0	0	0	0	0	0	0	0	0
OTU125	0	0	0	0	0	0	0	0	0	0	0	1	2	0	0	0	0	0	0	0	0	0	0	0
OTU54	0	0	0	0	0	0	0	0	0	0	0	3	18	0	0	0	0	0	0	0	0	0	0	0
OTU95	0	0	0	0	0	0	0	0	0	0	0	4	0	0	0	0	0	0	0	0	0	0	0	0
OTU140	0	0	0	0	0	0	0	0	0	0	0	1	0	0	0	0	0	0	0	0	0	3	0	0
OTU101	0	0	0	0	0	0	0	0	0	0	0	0	257	0	0	0	0	0	0	0	0	0	0	0
OTU40	0	0	0	0	0	0	0	0	0	0	0	0	49	0	0	0	0	0	0	0	0	0	0	0
OTU35	0	0	0	0	0	0	0	0	0	0	0	0	45	0	0	0	0	0	0	0	0	0	0	0
OTU33	0	0	0	0	0	0	0	0	0	0	0	0	117	0	0	0	0	0	0	0	0	0	0	0
OTU83	0	0	0	0	0	0	0	0	0	0	0	0	3	0	0	0	0	0	0	0	0	0	0	0
OTU135	0	0	0	0	0	0	0	0	0	0	0	0	24	0	0	0	0	0	0	0	0	0	0	0
OTU98	0	0	0	0	0	0	0	0	0	0	0	0	18	15	12	16	0	0	0	0	0	0	0	0
OTU113	0	0	0	0	0	0	0	0	0	0	0	0	2	0	0	0	0	0	0	0	0	0	0	0
OTU118	0	0	0	0	0	0	0	0	0	0	0	0	16	10	43	27	0	0	0	0	0	0	0	0
OTU23	0	0	0	0	0	0	0	0	0	0	0	0	3	297	321	326	0	0	0	0	0	25	0	5
OTU71	0	0	0	0	0	0	0	0	0	0	0	0	5	0	0	0	0	0	0	0	0	0	0	0
OTU121	0	0	0	0	0	0	0	0	0	0	0	0	3	0	0	0	0	0	0	0	0	0	0	0
OTU129	0	0	0	0	0	0	0	0	0	0	0	0	2	0	0	0	0	0	0	0	0	0	0	0
OTU24	0	0	0	0	0	0	0	0	0	0	0	0	0	122	387	394	0	0	1	0	0	0	0	0
OTU123	0	0	0	0	0	0	0	0	0	0	0	0	0	8	49	56	0	0	0	0	0	0	0	0
OTU29	0	0	0	0	0	0	0	0	0	0	0	0	0	13	143	149	0	0	0	0	0	0	0	0
OTU138	0	0	0	0	0	0	0	0	0	0	0	0	0	16	20	9	0	0	0	0	0	0	0	0
OTU136	0	0	0	0	0	0	0	0	0	0	0	0	0	10	4	1	0	0	0	0	0	0	0	0
OTU87	0	0	0	0	0	0	0	0	0	0	0	0	0	2	46	22	0	0	0	0	0	0	0	0
OTU126	0	0	0	0	0	0	0	0	0	0	0	0	0	1	0	0	0	0	0	0	0	0	2	1
OTU37	0	0	0	0	0	0	0	0	0	0	0	0	0	0	39	25	0	0	0	0	0	0	0	0
OTU104	0	0	0	0	0	0	0	0	0	0	0	0	0	0	2	0	0	0	0	0	0	0	0	0
OTU127	0	0	0	0	0	0	0	0	0	0	0	0	0	0	1	3	0	0	0	0	0	0	0	0
OTU137	0	0	0	0	0	0	0	0	0	0	0	0	0	0	2	0	0	0	0	0	0	0	0	0
OTU69	0	0	0	0	0	0	0	0	0	0	0	0	0	0	1	8	0	0	0	0	0	0	0	0
OTU90	0	0	0	0	0	0	0	0	0	0	0	0	0	0	0	4	0	0	0	0	0	0	0	0
OTU139	0	0	0	0	0	0	0	0	0	0	0	0	0	0	0	2	0	0	0	0	0	0	0	0
OTU46	0	0	0	0	0	0	0	0	0	0	0	0	0	0	0	0	0	30	0	0	0	0	0	0
OTU62	0	0	0	0	0	0	0	0	0	0	0	0	0	0	0	0	0	20	0	0	3	0	2	0
OTU94	0	0	0	0	0	0	0	0	0	0	0	0	0	0	0	0	0	27	0	0	0	0	0	0
OTU134	0	0	0	0	0	0	0	0	0	0	0	0	0	0	0	0	0	8	0	0	0	0	0	0
OTU111	0	0	0	0	0	0	0	0	0	0	0	0	0	0	0	0	0	8	0	0	0	0	0	0
OTU106	0	0	0	0	0	0	0	0	0	0	0	0	0	0	0	0	0	3	0	0	0	3	0	0
OTU133	0	0	0	0	0	0	0	0	0	0	0	0	0	0	0	0	0	0	3	0	0	0	0	0
OTU131	0	0	0	0	0	0	0	0	0	0	0	0	0	0	0	0	0	0	4	0	0	0	0	0
OTU89	0	0	0	0	0	0	0	0	0	0	0	0	0	0	0	0	0	0	0	9	0	0	0	0
OTU119	0	0	0	0	0	0	0	0	0	0	0	0	0	0	0	0	0	0	0	0	2	0	0	0
OTU50	0	0	0	0	0	0	0	0	0	0	0	0	0	0	0	0	0	0	0	0	0	31	0	0
OTU77	0	0	0	0	0	0	0	0	0	0	0	0	0	0	0	0	0	0	0	0	0	20	0	0
OTU55	0	0	0	0	0	0	0	0	0	0	0	0	0	0	0	0	0	0	0	0	0	41	0	0
OTU116	0	0	0	0	0	0	0	0	0	0	0	0	0	0	0	0	0	0	0	0	0	0	2	0
OTU63	0	0	0	0	0	0	0	0	0	0	0	0	0	0	0	0	0	0	0	0	0	0	0	21
OTU38	0	0	0	0	0	0	0	0	0	0	0	0	0	0	0	0	0	0	0	0	0	0	0	63
OTU48	0	0	0	0	0	0	0	0	0	0	0	0	0	0	0	0	0	0	0	0	0	0	0	26
OTU61	0	0	0	0	0	0	0	0	0	0	0	0	0	0	0	0	0	0	0	0	0	0	0	11
